ALTITUDE (m),HEART RATE (bpm),EPOC (ml/kg),VENTILATION (l/min),VO2 (ml/kg/min),ENERGY (kcal),SPEED,CADENCE,TEMPERATURE (C),DISTANCE (m),RESPIRATION RATE (bpm),SECONDS,IBI,CORRECTED,
297,111,0.212091,30,25,8.58772,1.46667,0,30,0,22,0,632,632,
297,116,0.322943,31,26,8.74735,1.46667,0,30,19,24,10,612,612,
302,116,0.60356,36,28,9.52295,1.92222,0,31,44,25,20,269,269,
302,124,0.913551,41,31,10.6447,2.14074,0,31,62,26,30,102,102,
304,133,1.32015,46,34,11.6053,2.51358,0,31,89,27,40,253,253,
308,135,1.7893,49,35,12.1244,2.57119,0,32,116,29,50,118,118,
312,138,2.48679,53,37,12.5812,2.4904,0,32,141,30,60,492,492,
316,141,3.0708,57,38,12.9437,2.43013,0,32,165,32,70,239,239,
320,144,3.69846,60,38,13.229,2.44338,0,31,189,33,80,348,348,
323,145,4.3509,62,39,13.3822,2.48113,0,31,214,34,90,228,228,
326,146,5.23716,64,39,13.4631,2.52704,0,31,239,36,100,370,370,
328,146,5.90821,65,39,13.5012,2.47568,0,31,265,36,110,145,145,
333,146,6.59494,68,39,13.6033,2.45856,0,31,288,37,120,435,435,
335,149,7.3056,69,40,13.7466,2.55285,0,31,314,37,130,571,571,
338,150,8.27966,70,40,13.8684,2.51762,0,32,340,38,140,301,301,
339,151,9.02305,71,40,13.9288,2.40587,0,32,364,38,150,270,270,
343,152,9.77329,71,40,13.9704,2.43529,0,32,387,38,160,565,565,
346,152,10.5262,71,40,13.9884,2.51176,0,32,413,38,170,557,557,
350,152,11.529,72,40,13.993,2.47059,0,32,438,38,180,53,53,
354,152,12.2882,72,41,14.036,2.42353,0,31,462,38,190,496,496,
357,154,13.0535,72,41,14.0718,2.40784,0,31,486,38,200,543,543,
360,153,13.8199,73,41,14.0821,2.40261,0,31,510,38,210,540,540,
364,154,14.852,73,41,14.1372,2.36754,0,31,534,38,220,534,534,
367,155,15.6278,72,41,14.1396,2.38918,0,31,557,38,230,530,530,
369,153,16.3906,72,41,14.0768,2.49639,0,31,582,38,240,523,523,
372,153,17.1442,72,41,14.0385,2.5988,0,31,608,38,250,516,516,
373,153,18.1547,74,41,14.0811,2.66627,0,31,635,38,260,506,506,
376,154,18.934,75,41,14.1858,2.65542,0,31,662,38,270,505,505,
376,156,19.7331,75,41,14.2874,2.55181,0,31,688,38,280,500,500,
381,156,20.5463,76,41,14.3588,2.4506,0,31,712,38,290,491,491,
385,158,21.6473,76,42,14.427,2.4502,0,31,736,38,300,484,484,
388,157,22.4781,77,42,14.448,2.4834,0,31,761,38,310,490,490,
392,158,23.3217,78,42,14.5165,2.49447,0,31,786,38,320,483,483,
395,160,24.1841,78,42,14.6072,2.49816,0,31,811,38,330,476,476,
398,161,25.356,79,42,14.693,2.49939,0,31,836,38,340,474,474,
401,162,26.2431,78,42,14.7196,2.53313,0,31,861,38,350,473,473,
404,161,27.1174,77,42,14.6618,2.54438,0,30,887,38,360,471,471,
407,159,27.9773,77,42,14.6037,2.51479,0,30,912,38,370,469,469,
410,160,29.1234,77,42,14.6131,2.60493,0,30,937,38,380,463,463,
412,160,29.9736,76,42,14.5699,2.76831,0,30,965,38,390,465,465,
414,159,30.799,75,42,14.4571,2.82277,0,30,994,38,400,462,462,
415,156,31.5947,74,41,14.3241,2.84092,0,30,1022,39,410,460,460,
416,156,32.6218,74,41,14.2037,2.81364,0,30,1051,39,420,456,456,
417,154,33.3783,75,41,14.1646,2.70455,0,31,1078,39,430,462,462,
418,155,34.1558,78,41,14.2774,2.60152,0,31,1104,39,440,561,561,
422,159,34.9739,79,42,14.4703,2.60051,0,32,1129,39,450,558,558,
425,160,36.0974,79,42,14.5792,2.7335,0,32,1156,39,460,566,566,
428,159,36.9423,79,42,14.5829,2.8445,0,32,1185,40,470,559,559,
431,159,37.7848,79,42,14.5766,2.8815,0,32,1214,40,480,552,552,
431,159,38.6272,80,42,14.5814,2.92717,0,33,1243,40,490,540,540,
432,160,39.7596,80,42,14.6226,2.90906,0,33,1273,40,500,547,547,
433,160,40.6173,81,42,14.6576,2.86969,0,33,1301,40,510,536,536,
437,161,41.4858,81,42,14.7088,2.8899,0,33,1330,40,520,531,531,
438,162,42.3545,80,42,14.7077,2.92997,0,33,1359,40,530,520,520,
437,159,43.4631,77,42,14.5105,3.00999,0,33,1389,40,540,512,512,
438,156,44.2323,75,41,14.2739,3.03666,0,34,1420,40,550,511,511,
438,154,44.9473,73,41,14.0293,2.94555,0,34,1450,40,560,509,509,
438,150,45.6189,73,40,13.8356,2.94852,0,34,1478,40,570,503,503,
438,150,46.5008,74,40,13.8183,2.98284,0,34,1509,40,580,499,499,
438,152,47.1918,76,40,13.9595,2.92761,0,34,1538,40,590,498,498,
439,154,47.9297,78,41,14.1839,2.8092,0,34,1567,40,600,497,497,
442,158,48.7287,81,42,14.463,2.7364,0,34,1593,40,610,491,491,
446,162,49.8812,82,43,14.77,2.7788,0,34,1621,40,620,484,484,
449,164,50.7857,82,43,14.8945,2.79293,0,35,1649,40,630,490,490,
453,163,51.6942,82,43,14.9103,2.76431,0,34,1677,40,640,488,488,
455,164,52.6,81,43,14.9013,2.82144,0,34,1704,40,650,479,479,
456,162,53.7897,82,43,14.8464,3.00715,0,35,1734,40,660,475,475,
456,163,54.7024,84,43,14.9446,3.00238,0,34,1766,40,670,480,480,
459,165,55.642,83,43,15.0527,2.96746,0,34,1794,40,680,478,478,
460,164,56.5852,85,43,15.0658,2.88915,0,34,1825,40,690,468,468,
464,166,57.8767,85,44,15.1928,2.79638,0,34,1851,40,700,467,467,
467,167,58.8503,84,44,15.1862,2.89879,0,34,1880,40,710,474,474,
468,164,59.7977,84,44,15.0855,2.96626,0,34,1910,40,720,472,472,
470,166,60.7353,83,43,15.0539,2.95542,0,34,1940,41,730,460,460,
470,162,61.9298,82,43,14.8558,3.01847,0,34,1969,41,740,461,461,
470,161,62.7826,81,43,14.7216,3.00616,0,34,2001,41,750,467,467,
469,160,63.5975,80,42,14.5648,2.96872,0,34,2029,41,760,464,464,
469,157,64.3612,78,42,14.3498,3.02291,0,33,2060,42,770,454,454,
468,154,65.3006,77,41,14.0806,3.00764,0,32,2090,42,780,455,455,
465,152,65.9633,77,40,13.944,3.03588,0,32,2120,42,790,460,460,
464,151,66.6091,78,40,13.8779,3.04529,0,32,2151,42,800,457,457,
464,151,67.2585,79,40,13.9043,3.04843,0,32,2181,42,810,454,454,
464,153,68.167,81,41,14.0784,2.98281,0,31,2212,42,820,448,448,
467,156,68.8954,82,41,14.2533,2.99427,0,31,2240,42,830,449,449,
468,158,69.6432,80,41,14.3306,3.06476,0,31,2272,42,840,451,451,
469,156,70.3613,77,41,14.1935,3.02159,0,31,2302,42,850,447,447,
469,152,71.2084,75,40,13.7881,3.0072,0,30,2332,42,860,451,451,
466,148,71.772,75,39,13.5487,3.03573,0,30,2362,42,870,451,451,
466,147,72.3194,75,39,13.4894,3.01191,0,31,2393,42,880,447,447,
466,149,72.8732,76,39,13.5254,3.00397,0,31,2422,42,890,445,445,
466,148,73.625,76,39,13.5852,3.06799,0,31,2453,42,900,446,446,
466,149,74.2242,78,40,13.7395,3.08933,0,32,2484,42,910,454,454,
466,152,74.8791,81,41,13.988,3.06311,0,32,2515,42,920,452,452,
466,156,75.5903,82,41,14.2279,3.05437,0,32,2545,42,930,443,443,
468,158,76.588,81,42,14.3816,3.05146,0,32,2576,42,940,443,443,
469,157,77.3402,81,42,14.3845,3.11715,0,32,2606,42,950,448,448,
470,158,78.0935,81,42,14.3942,3.13905,0,32,2639,42,960,453,453,
471,158,78.8541,81,42,14.4289,3.04635,0,33,2669,41,970,446,446,
473,159,79.8882,81,42,14.5016,2.91545,0,33,2699,41,980,442,442,
475,159,80.6665,80,42,14.5023,2.83848,0,33,2726,41,990,443,443,
476,159,81.4193,77,42,14.3965,2.91283,0,33,2755,41,1000,444,444,
476,156,82.1255,75,41,14.2056,3.03761,0,33,2785,40,1010,446,446,
476,153,82.9951,74,40,13.9734,3.0792,0,33,2817,40,1020,442,442,
475,152,83.6335,75,40,13.9593,3.0264,0,33,2847,39,1030,449,449,
476,154,84.3066,76,41,14.1135,3.0088,0,33,2877,39,1040,445,445,
477,158,85.0178,75,41,14.2684,2.9696,0,33,2907,38,1050,438,438,
480,157,85.9446,71,41,14.1621,2.8232,0,33,2936,38,1060,436,436,
480,154,86.5683,69,40,13.8977,2.8744,0,32,2962,38,1070,441,441,
481,151,87.1205,68,39,13.6017,2.99147,0,32,2994,38,1080,446,446,
480,148,87.6195,68,39,13.3861,2.96382,0,32,3023,38,1090,441,441,
480,148,88.27,70,39,13.3704,2.92127,0,31,3053,39,1100,439,439,
481,149,88.7957,72,39,13.5325,2.84042,0,31,3081,39,1110,442,442,
482,151,89.3757,75,40,13.7678,2.78014,0,31,3109,39,1120,440,440,
485,153,90.0135,77,41,14.01,2.82671,0,30,3136,40,1130,439,439,
486,156,90.9421,79,41,14.2681,2.9089,0,30,3166,40,1140,439,439,
487,158,91.6743,79,42,14.3755,2.90297,0,30,3195,40,1150,444,444,
488,158,92.4194,80,42,14.4284,2.83432,0,30,3224,40,1160,445,445,
488,159,93.1861,81,42,14.5208,2.74477,0,29,3251,40,1170,442,442,
492,161,94.267,82,43,14.7169,2.68159,0,29,3278,40,1180,434,434,
495,163,95.1118,82,43,14.8157,2.59386,0,29,3304,40,1190,436,436,
498,162,95.9657,82,43,14.8517,2.59795,0,29,3329,40,1200,440,440,
501,164,96.8337,82,43,14.9088,2.59932,0,29,3356,39,1210,438,438,
504,163,97.9939,82,43,14.9163,2.63311,0,29,3381,39,1220,441,441,
507,164,98.8747,82,43,14.9595,2.71104,0,28,3409,39,1230,437,437,
509,164,99.7601,82,43,14.9768,2.70368,0,28,3436,39,1240,443,443,
511,164,100.636,81,43,14.9421,2.66789,0,28,3463,39,1250,441,441,
513,163,101.772,81,43,14.8428,2.65596,0,28,3489,39,1260,432,432,
516,163,102.609,81,43,14.8075,2.68532,0,28,3516,40,1270,431,431,
518,162,103.437,82,43,14.7798,2.62844,0,28,3543,40,1280,433,433,
520,162,104.265,83,43,14.7843,2.54281,0,28,3568,41,1290,439,439,
523,163,105.399,85,43,14.8882,2.48094,0,28,3593,41,1300,438,438,
526,164,106.287,86,43,15.0116,2.49365,0,28,3617,42,1310,433,433,
528,165,107.197,87,44,15.0847,2.56455,0,28,3643,42,1320,434,434,
530,165,108.106,87,44,15.0857,2.58818,0,28,3669,42,1330,436,436,
533,165,109.311,87,44,15.0608,2.66273,0,28,3695,42,1340,434,434,
535,165,110.191,85,43,14.9817,2.72091,0,28,3723,42,1350,428,428,
536,162,111.047,86,43,14.8989,2.70697,0,27,3750,42,1360,426,426,
536,164,111.922,87,43,14.9841,2.70232,0,27,3777,42,1370,434,434,
540,166,113.135,86,44,15.1086,2.73411,0,27,3804,42,1380,436,436,
542,164,114.023,84,43,15.0186,2.71137,0,27,3832,41,1390,433,433,
544,164,114.876,83,43,14.8954,2.73712,0,27,3858,41,1400,429,429,
547,162,115.704,83,43,14.8114,2.81237,0,27,3887,41,1410,430,430,
548,163,116.779,80,43,14.7175,2.77079,0,28,3915,41,1420,432,432,
550,159,117.515,79,42,14.4796,2.75693,0,27,3942,41,1430,433,433,
550,157,118.198,78,41,14.2896,2.81898,0,28,3970,41,1440,428,428,
551,156,118.856,79,41,14.2116,2.80633,0,28,3999,41,1450,424,424,
552,156,119.773,83,42,14.3692,2.70211,0,29,4026,41,1460,426,426,
555,161,120.559,86,43,14.6984,2.7007,0,29,4052,41,1470,433,433,
556,165,121.424,86,43,14.9774,2.7669,0,29,4080,41,1480,432,432,
559,165,122.315,85,44,15.0554,2.8223,0,30,4108,41,1490,428,428,
561,165,123.511,85,44,15.0837,2.84077,0,30,4137,41,1500,427,427,
561,166,124.406,83,44,15.0726,2.81359,0,31,4165,40,1510,431,431,
562,165,125.272,82,43,14.9689,2.73786,0,31,4193,40,1520,431,431,
566,163,126.104,81,43,14.8503,2.71262,0,31,4219,40,1530,424,424,
569,163,127.193,81,43,14.8048,2.70421,0,31,4247,39,1540,420,420,
570,163,128.001,80,43,14.7807,2.73474,0,31,4273,39,1550,423,423,
572,162,128.792,79,43,14.7231,2.77825,0,31,4302,39,1560,427,427,
573,161,129.568,79,42,14.6732,2.75942,0,31,4329,39,1570,422,422,
574,161,130.609,81,43,14.7066,2.81981,0,31,4357,39,1580,422,422,
576,163,131.423,82,43,14.8196,2.83994,0,32,4386,39,1590,424,424,
578,164,132.271,83,43,14.9379,2.84665,0,32,4414,39,1600,429,429,
579,164,133.142,84,43,15.0192,2.84888,0,32,4443,39,1610,423,423,
580,166,134.357,84,44,15.1775,2.84963,0,32,4471,39,1620,419,419,
584,167,135.282,84,44,15.1968,2.88321,0,32,4500,39,1630,424,424,
586,166,136.194,84,44,15.154,2.8944,0,32,4529,39,1640,423,423,
587,166,137.106,84,44,15.1624,2.83147,0,33,4558,39,1650,417,417,
589,167,138.33,83,44,15.1795,2.81049,0,33,4585,39,1660,416,416,
591,166,139.226,83,44,15.1049,2.83683,0,33,4614,39,1670,417,417,
594,165,140.117,85,44,15.1003,2.74561,0,33,4642,40,1680,420,420,
597,167,141.047,86,44,15.24,2.68187,0,33,4668,40,1690,417,417,
599,168,142.355,87,45,15.426,2.69396,0,33,4695,40,1700,416,416,
600,169,143.379,88,45,15.545,2.79799,0,33,4722,40,1710,419,419,
604,170,144.448,89,45,15.6941,2.83266,0,34,4752,40,1720,420,420,
606,171,145.542,88,45,15.7678,2.74422,0,34,4779,40,1730,424,424,
608,170,146.969,87,45,15.667,2.71474,0,34,4806,39,1740,421,421,
610,169,147.99,85,45,15.5295,2.73825,0,34,4833,39,1750,417,417,
611,168,148.968,84,44,15.3888,2.77942,0,34,4861,39,1760,414,414,
615,167,149.906,83,44,15.2597,2.79314,0,34,4889,39,1770,417,417,
617,166,151.115,84,44,15.1605,2.79771,0,34,4917,39,1780,419,419,
619,166,152.038,86,44,15.2329,2.83257,0,34,4945,39,1790,412,412,
622,168,153.008,86,44,15.389,2.87752,0,34,4974,39,1800,407,407,
623,169,153.994,84,45,15.4334,2.89251,0,35,5003,39,1810,411,411,
624,167,155.249,82,44,15.2509,2.86417,0,35,5032,39,1820,413,413,
625,165,156.135,82,44,15.107,2.82139,0,35,5060,39,1830,408,408,
625,166,156.999,82,44,15.043,2.90713,0,35,5088,39,1840,407,407,
626,164,157.855,83,43,15.0194,2.96904,0,35,5119,39,1850,411,411,
629,166,159.042,85,44,15.1688,2.88968,0,35,5148,39,1860,412,412,
630,168,159.991,86,44,15.333,2.89656,0,36,5176,39,1870,408,408,
633,168,160.978,87,45,15.4511,2.89885,0,36,5206,39,1880,410,410,
637,169,162.006,89,45,15.5905,2.83295,0,36,5234,39,1890,413,413,
640,171,163.457,90,46,15.8013,2.74432,0,36,5262,40,1900,417,417,
642,172,164.595,91,46,15.9278,2.68144,0,36,5288,40,1910,412,412,
645,172,165.766,91,46,16.0287,2.72715,0,37,5315,40,1920,412,412,
648,173,166.953,91,46,16.0757,2.77572,0,37,5343,40,1930,414,414,
650,173,168.536,91,46,16.0683,2.72524,0,37,5371,40,1940,417,417,
653,172,169.702,90,46,16.006,2.70841,0,37,5397,40,1950,410,410,
657,172,170.853,90,46,15.9617,2.73614,0,37,5425,40,1960,413,413,
660,172,171.993,90,46,15.9273,2.71205,0,37,5452,40,1970,414,414,
663,171,173.481,89,46,15.8389,2.73735,0,37,5479,40,1980,414,414,
664,171,174.571,89,46,15.7743,2.74578,0,37,5507,40,1990,410,410,
665,171,175.65,89,45,15.7398,2.81526,0,37,5534,40,2000,412,412,
667,170,176.696,87,45,15.6302,2.87175,0,36,5564,41,2010,413,413,
668,168,177.986,86,44,15.353,2.85725,0,36,5592,41,2020,410,410,
669,166,178.885,85,44,15.1817,2.88575,0,36,5621,41,2030,406,406,
669,165,179.76,87,44,15.1156,2.86192,0,36,5650,41,2040,408,408,
670,166,180.655,88,44,15.1882,2.82064,0,35,5678,41,2050,411,411,
673,168,181.919,90,45,15.3782,2.84021,0,35,5706,41,2060,408,408,
674,169,182.929,91,45,15.5402,2.84674,0,35,5735,41,2070,408,408,
677,170,183.984,91,45,15.6806,2.81558,0,35,5763,41,2080,411,411,
678,171,185.075,91,46,15.7861,2.80519,0,35,5791,41,2090,418,418,
681,172,186.579,92,46,15.9144,2.6684,0,35,5819,41,2100,411,411,
684,173,187.763,93,46,16.0663,2.55613,0,35,5843,40,2110,410,410,
688,174,189,93,47,16.2233,2.55204,0,35,5869,40,2120,412,412,
692,174,190.277,93,47,16.336,2.51735,0,35,5894,39,2130,415,415,
695,175,192.009,93,47,16.4049,2.53912,0,35,5919,39,2140,411,411,
698,175,193.337,93,48,16.4791,2.57971,0,35,5945,38,2150,410,410,
701,176,194.67,91,48,16.4875,2.6599,0,35,5971,37,2160,410,410,
704,175,195.965,90,47,16.3671,2.7533,0,35,5999,37,2170,410,410,
704,174,197.649,91,47,16.2771,2.7511,0,36,6027,36,2180,409,409,
705,175,198.921,90,47,16.3138,2.85037,0,36,6054,36,2190,404,404,
708,175,200.194,90,47,16.3103,2.95012,0,36,6085,36,2200,405,405,
709,174,201.443,89,47,16.2351,2.91671,0,36,6114,36,2210,406,406,
710,173,203.02,86,46,16.0022,2.87224,0,36,6143,37,2220,406,406,
711,171,204.11,86,46,15.7685,2.85741,0,36,6171,37,2230,402,402,
713,170,205.164,87,45,15.6707,2.8858,0,36,6200,38,2240,408,408,
714,171,206.237,88,46,15.7344,2.9286,0,36,6229,39,2250,409,409,
715,172,207.692,89,46,15.7831,2.90953,0,36,6259,40,2260,406,406,
718,171,208.769,90,46,15.736,2.90318,0,36,6287,40,2270,406,406,
719,171,209.843,91,46,15.7341,2.90106,0,36,6317,41,2280,413,413,
722,171,210.927,93,46,15.7627,2.76702,0,36,6345,42,2290,412,412,
723,171,212.414,96,46,15.8745,2.68901,0,36,6371,43,2300,410,410,
724,172,213.599,98,47,16.0654,2.62967,0,35,6398,44,2310,409,409,
731,174,214.878,100,47,16.3389,2.50989,0,35,6423,45,2320,412,412,
734,175,216.235,101,48,16.5542,2.46996,0,34,6447,45,2330,411,411,
736,176,218.096,102,48,16.6635,2.42332,0,34,6472,46,2340,410,410,
740,176,219.519,102,48,16.7264,2.37444,0,33,6495,46,2350,410,410,
740,176,220.96,102,48,16.7764,2.39148,0,33,6519,46,2360,411,411,
745,176,222.409,101,49,16.7977,2.36383,0,33,6543,45,2370,412,412,
748,176,224.322,100,48,16.7384,2.32128,0,32,6566,45,2380,407,407,
751,176,225.708,98,48,16.6125,2.37376,0,32,6589,44,2390,409,409,
753,175,227.045,97,48,16.4705,2.42459,0,32,6614,43,2400,409,409,
756,175,228.354,96,47,16.3987,2.44153,0,31,6638,42,2410,409,409,
758,175,230.089,94,47,16.3737,2.44718,0,31,6663,41,2420,404,404,
761,174,231.347,92,47,16.2507,2.48239,0,31,6687,41,2430,406,406,
761,173,232.542,90,47,16.0696,2.59413,0,31,6713,40,2440,408,408,
764,172,233.689,90,46,15.9358,2.63138,0,30,6740,39,2450,405,405,
767,172,235.211,89,46,15.9409,2.61046,0,30,6766,38,2460,404,404,
769,173,236.357,87,46,15.9409,2.57015,0,30,6792,37,2470,408,408,
772,172,237.452,85,46,15.7859,2.52338,0,30,6817,36,2480,410,410,
775,170,238.472,83,45,15.5732,2.57446,0,30,6842,35,2490,407,407,
776,170,239.741,80,45,15.3629,2.62482,0,29,6869,34,2500,407,407,
777,168,240.614,76,44,15.1648,2.60827,0,29,6895,32,2510,413,413,
777,166,241.397,73,43,14.9066,2.63609,0,29,6921,31,2520,414,414,
778,164,242.095,70,43,14.6615,2.6787,0,29,6948,30,2530,411,411,
778,162,242.918,69,42,14.4242,2.65957,0,29,6975,30,2540,411,411,
779,161,243.511,70,42,14.3904,2.55319,0,28,7001,29,2550,413,413,
779,162,244.138,74,42,14.4965,2.45106,0,28,7025,29,2560,414,414,
782,164,244.836,77,43,14.7092,2.45035,0,28,7049,29,2570,409,409,
785,168,245.92,82,44,15.0781,2.48345,0,28,7074,30,2580,411,411,
788,170,246.852,84,45,15.3594,2.46115,0,28,7099,30,2590,413,413,
792,171,247.858,85,45,15.5654,2.42038,0,28,7123,31,2600,410,410,
794,172,248.91,86,46,15.6918,2.40679,0,28,7147,31,2610,405,405,
796,173,250.352,86,46,15.7763,2.40226,0,28,7171,32,2620,409,409,
799,173,251.461,88,46,15.8469,2.40075,0,27,7195,32,2630,412,412,
802,174,252.631,91,47,16.0253,2.40025,0,27,7219,32,2640,408,408,
805,175,253.879,92,47,16.2429,2.40008,0,27,7243,32,2650,405,405,
807,176,255.615,91,48,16.3889,2.40003,0,27,7267,32,2660,412,412,
811,176,256.915,90,47,16.3655,2.43334,0,27,7291,33,2670,414,414,
812,176,258.201,90,47,16.3291,2.44445,0,27,7316,33,2680,410,410,
816,175,259.481,91,47,16.3121,2.41482,0,27,7340,34,2690,409,409,
819,175,261.219,92,48,16.3935,2.43827,0,27,7364,35,2700,415,415,
821,176,262.577,93,48,16.5273,2.51276,0,27,7389,36,2710,412,412,
822,177,263.967,93,48,16.6083,2.53759,0,27,7415,36,2720,409,409,
827,176,265.355,93,48,16.5939,2.51253,0,27,7440,37,2730,413,413,
828,176,267.208,94,48,16.6046,2.47084,0,27,7465,38,2740,414,414,
830,176,268.623,95,48,16.6684,2.39028,0,28,7489,38,2750,409,409,
832,177,270.083,96,49,16.7925,2.36343,0,28,7512,38,2760,405,405,
835,178,271.587,96,49,16.9068,2.45448,0,29,7536,38,2770,410,410,
838,178,273.624,96,49,16.9672,2.51816,0,29,7562,38,2780,411,411,
841,178,275.177,97,49,17.0279,2.43939,0,29,7587,37,2790,404,404,
845,179,276.787,98,50,17.1834,2.41313,0,30,7610,36,2800,403,403,
848,180,278.454,99,50,17.3323,2.43771,0,30,7635,35,2810,408,408,
852,181,280.772,101,51,17.5416,2.51257,0,30,7659,33,2820,408,408,
855,182,282.57,102,51,17.66,2.67086,0,31,7686,32,2830,405,405,
857,182,284.37,103,51,17.6573,2.75695,0,31,7714,31,2840,403,403,
861,183,286.163,103,51,17.6338,2.85232,0,31,7742,30,2850,409,409,
864,183,288.485,105,51,17.4674,2.91744,0,32,7772,29,2860,409,409,
866,184,290.23,109,51,17.5115,3.03915,0,32,7801,28,2870,406,406,
869,186,292.087,111,52,17.8171,3.17972,0,31,7834,28,2880,404,404,
874,188,294.065,109,52,18.1235,3.29324,0,31,7866,27,2890,410,410,
877,187,296.568,96,51,17.7005,2.63108,0,31,7901,26,2900,408,408,
879,181,297.933,77,48,16.4153,1.94369,0,31,7912,25,2910,404,404,
883,168,298.691,59,44,14.8532,2.21456,0,28,7933,25,2920,407,407,
881,160,298.676,42,38,13.0259,2.63819,0,28,7959,24,2930,408,408,
879,149,296.416,33,26,8.68311,2.74606,0,28,7990,23,2940,405,405,
876,142,293.194,31,18,5.9535,2.64869,0,28,8015,22,2950,400,400,
872,139,289.597,30,14,4.81406,2.6829,0,28,8042,21,2960,402,402,
868,139,285.931,30,13,4.42034,2.6943,0,27,8069,21,2970,404,404,
865,138,281.055,30,12,4.24898,2.6981,0,27,8096,20,2980,403,403,
861,138,277.467,30,13,4.31918,2.69937,0,27,8123,20,2990,404,404,
859,139,273.91,29,12,4.24417,2.66646,0,27,8150,20,3000,403,403,
856,137,270.372,29,12,4.13512,2.58882,0,27,8176,20,3010,397,397,
852,139,265.71,28,12,4.03979,2.52961,0,27,8201,21,3020,401,401,
848,137,262.197,28,11,3.71014,2.5432,0,27,8226,22,3030,401,401,
843,136,258.684,29,10,3.47191,2.58107,0,27,8252,23,3040,397,397,
840,135,255.209,31,10,3.43328,2.59369,0,27,8278,24,3050,395,395,
835,135,250.706,34,11,3.75113,2.63123,0,27,8304,25,3060,399,399,
831,137,247.479,35,12,4.20292,2.71041,0,28,8331,26,3070,401,401,
828,138,244.389,37,14,4.6635,2.7368,0,28,8359,26,3080,394,394,
824,139,241.449,38,15,5.14724,2.6456,0,28,8386,26,3090,395,395,
821,140,237.781,39,17,5.78946,2.48187,0,28,8411,26,3100,398,398,
819,141,235.292,41,19,6.48293,2.49396,0,28,8434,26,3110,401,401,
818,143,233.192,44,22,7.5822,2.66465,0,28,8461,26,3120,395,395,
813,146,231.486,44,25,8.55603,2.72155,0,28,8489,25,3130,395,395,
812,147,229.534,43,27,9.08168,2.70718,0,28,8516,24,3140,400,400,
804,147,228.083,42,27,9.01423,2.66906,0,28,8543,23,3150,401,401,
801,146,226.508,40,26,8.68144,2.68969,0,28,8569,23,3160,395,395,
796,146,224.782,39,25,8.27281,2.69656,0,28,8597,22,3170,398,398,
795,145,222.357,40,24,8.02582,2.49885,0,28,8623,22,3180,403,403,
791,145,220.69,41,25,8.39774,2.43295,0,28,8645,23,3190,399,399,
790,146,219.256,43,27,8.95856,2.67765,0,28,8671,23,3200,397,397,
787,147,218.07,45,28,9.56429,2.85922,0,27,8701,24,3210,400,400,
782,149,216.895,48,31,10.4442,2.81974,0,27,8730,25,3220,403,403,
780,150,216.319,51,33,11.1334,2.87325,0,27,8757,26,3230,395,395,
779,152,215.957,54,35,11.7387,2.85775,0,27,8788,27,3240,396,396,
779,153,215.755,55,36,12.1914,2.95258,0,27,8814,28,3250,399,399,
778,155,215.492,53,36,12.102,3.01753,0,27,8848,30,3260,401,401,
778,151,215.063,52,34,11.4679,2.83918,0,28,8875,31,3270,395,395,
777,150,214.446,53,32,10.9354,2.77973,0,28,8903,32,3280,396,396,
774,149,213.678,53,31,10.5015,2.75991,0,28,8930,33,3290,400,400,
770,147,212.366,53,29,9.8275,2.78664,0,28,8958,33,3300,400,400,
766,146,211.227,54,28,9.51507,2.76221,0,28,8986,34,3310,393,393,
764,146,210.119,54,29,9.59745,2.6874,0,28,9013,34,3320,396,396,
761,147,209.095,54,29,9.80615,2.66247,0,28,9039,33,3330,398,398,
757,147,207.756,53,29,9.80605,2.68749,0,28,9066,33,3340,399,399,
754,146,206.743,53,29,9.78408,2.72916,0,28,9093,32,3350,394,394,
751,147,205.769,52,29,9.87675,2.64305,0,28,9121,32,3360,396,396,
747,148,204.683,50,28,9.51181,2.51435,0,28,9145,32,3370,401,401,
746,145,202.796,48,25,8.49521,2.67145,0,28,9170,32,3380,400,400,
742,145,201.122,47,23,7.88231,2.82382,0,28,9200,32,3390,392,392,
739,142,199.349,49,22,7.56301,2.70794,0,28,9228,32,3400,397,397,
737,143,197.638,50,23,7.73937,2.63598,0,27,9253,32,3410,400,400,
733,144,195.355,48,22,7.57413,2.67866,0,28,9280,32,3420,395,395,
729,142,193.551,49,22,7.29282,2.72622,0,27,9307,33,3430,393,393,
727,143,191.843,50,22,7.58645,2.67541,0,27,9335,33,3440,396,396,
725,144,190.28,50,24,7.99877,2.72514,0,27,9360,32,3450,398,398,
723,144,188.392,50,25,8.44854,2.80838,0,27,9390,32,3460,395,395,
722,146,187.104,49,26,8.69604,2.90279,0,28,9417,31,3470,395,395,
720,145,185.846,48,26,8.74984,3.00093,0,28,9449,30,3480,399,399,
719,146,184.628,48,26,8.84119,2.93364,0,28,9478,29,3490,396,396,
715,146,183.038,46,26,8.88089,2.87788,0,28,9507,29,3500,394,394,
715,146,181.859,46,26,8.8861,2.82596,0,28,9535,28,3510,394,394,
714,146,180.755,47,27,9.10239,2.84199,0,28,9563,27,3520,399,399,
713,147,179.823,48,29,9.61188,2.84733,0,28,9592,27,3530,396,396,
710,149,178.819,48,30,10.1515,2.81578,0,28,9620,27,3540,393,393,
709,150,177.978,44,29,9.76457,2.80526,0,28,9648,27,3550,394,394,
704,147,176.762,42,25,8.56212,2.76842,0,28,9676,28,3560,396,396,
703,144,175.191,41,22,7.38506,2.72281,0,28,9703,28,3570,396,396,
696,142,172.88,42,20,6.77009,2.67427,0,28,9730,28,3580,392,392,
692,143,171.174,42,20,6.85267,2.69142,0,28,9756,28,3590,394,394,
688,143,169.478,41,20,6.811,2.76381,0,28,9784,27,3600,397,397,
686,142,167.756,40,20,6.62105,2.78794,0,28,9812,27,3610,395,395,
684,142,165.458,40,19,6.53456,2.82931,0,28,9840,27,3620,393,393,
683,143,163.714,38,19,6.32845,2.8431,0,29,9869,26,3630,393,393,
679,142,161.883,36,17,5.79213,2.81437,0,29,9897,26,3640,397,397,
677,140,159.98,36,16,5.30192,2.77146,0,29,9925,25,3650,395,395,
676,140,157.433,35,15,5.12911,2.75715,0,29,9952,25,3660,390,390,
675,140,155.545,35,15,5.1103,2.78572,0,29,9980,25,3670,393,393,
674,140,153.689,36,15,5.17928,2.76191,0,29,10008,24,3680,396,396,
670,141,151.86,35,15,5.20171,2.75397,0,29,10035,24,3690,395,395,
671,140,149.469,36,16,5.30364,2.75132,0,29,10063,24,3700,391,391,
668,141,147.751,36,16,5.57844,2.71711,0,29,10090,24,3710,392,392,
668,141,146.083,36,17,5.74914,2.7057,0,29,10117,24,3720,397,397,
663,142,144.445,36,17,5.81116,2.7019,0,29,10144,23,3730,395,395,
660,142,142.314,36,17,5.92653,2.73397,0,29,10171,23,3740,392,392,
657,143,140.705,34,17,5.6883,2.77799,0,29,10199,23,3750,393,393,
654,141,139.026,33,15,5.1137,2.79266,0,29,10227,23,3760,397,397,
650,139,137.327,33,14,4.87499,2.79755,0,29,10255,23,3770,396,396,
647,140,135.093,33,14,4.84721,2.69918,0,29,10283,23,3780,393,393,
643,139,133.395,31,13,4.47388,2.66639,0,29,10308,23,3790,393,393,
641,138,131.668,31,12,4.04126,2.75546,0,29,10336,24,3800,397,397,
640,137,129.955,33,12,3.99211,2.78515,0,29,10364,24,3810,395,395,
636,138,127.835,39,15,5.03135,2.96172,0,29,10392,25,3820,393,393,
635,142,126.503,42,19,6.41455,3.02057,0,29,10425,26,3830,395,395,
634,144,125.424,44,23,7.66848,2.94019,0,29,10453,26,3840,396,396,
633,146,124.515,44,25,8.36451,2.94673,0,28,10483,27,3850,395,395,
632,146,123.321,42,25,8.28133,2.91558,0,28,10512,27,3860,393,393,
631,145,122.277,40,23,7.58568,2.87186,0,28,10541,27,3870,393,393,
630,143,121.059,38,20,6.61208,2.82395,0,28,10569,27,3880,396,396,
627,141,119.716,37,17,5.79586,2.77465,0,28,10597,27,3890,394,394,
626,140,117.827,37,15,5.10523,2.79155,0,28,10624,27,3900,392,392,
623,139,116.411,38,15,5.05899,2.79718,0,28,10653,26,3910,394,394,
622,140,115.053,38,16,5.40832,2.76573,0,28,10680,26,3920,396,396,
616,141,113.739,38,17,5.60855,2.78858,0,28,10708,26,3930,393,393,
614,141,111.99,37,16,5.43165,2.69619,0,28,10736,26,3940,392,392,
611,140,110.665,36,15,5.20725,2.73206,0,28,10761,26,3950,393,393,
607,141,109.302,34,14,4.69922,2.74402,0,28,10791,26,3960,395,395,
605,137,107.902,34,12,4.1811,2.64801,0,28,10816,26,3970,393,393,
603,138,106.055,36,12,4.1783,2.68267,0,28,10843,26,3980,391,391,
602,138,104.703,35,13,4.29015,2.89422,0,28,10870,26,3990,394,394,
597,138,103.372,35,13,4.32654,2.99807,0,28,10903,26,4000,394,394,
597,138,102.052,34,12,4.2534,2.93269,0,28,10931,26,4010,394,394,
596,137,100.301,34,12,4.10678,2.9109,0,28,10961,25,4020,390,390,
590,138,99.0247,35,13,4.31614,2.8703,0,28,10989,25,4030,392,392,
586,139,97.7932,35,14,4.64186,2.8901,0,28,11018,25,4040,394,394,
585,139,96.5961,35,14,4.83836,2.86337,0,28,11047,24,4050,395,395,
585,140,95.0757,37,16,5.3129,2.85446,0,28,11075,24,4060,389,389,
581,142,94.0107,37,17,5.75052,2.88482,0,28,11104,24,4070,392,392,
580,142,92.9591,35,17,5.73919,2.89494,0,28,11133,24,4080,392,392,
579,141,91.8963,35,16,5.53154,2.86498,0,28,11162,24,4090,394,394,
579,141,90.4795,35,16,5.39506,2.82166,0,28,11190,24,4100,389,389,
574,141,89.4174,35,16,5.27324,2.80722,0,28,11218,25,4110,392,392,
570,140,88.3733,37,16,5.34484,2.83574,0,28,11246,25,4120,393,393,
569,141,87.3898,39,17,5.825,2.87858,0,28,11275,25,4130,394,394,
567,143,86.1887,39,19,6.44999,2.85953,0,28,11304,26,4140,389,389,
567,142,85.3226,40,19,6.56005,2.78651,0,28,11332,26,4150,392,392,
564,143,84.4805,41,20,6.68253,2.7955,0,28,11359,27,4160,394,394,
561,143,83.6643,42,20,6.81392,2.86517,0,28,11388,27,4170,394,394,
559,143,82.6354,44,21,7.13167,2.92172,0,28,11417,28,4180,391,391,
556,144,81.9373,45,22,7.52036,2.97391,0,28,11447,29,4190,393,393,
554,144,81.2885,46,23,7.79934,2.95797,0,28,11477,30,4200,396,396,
553,144,80.6826,47,24,8.03587,2.85266,0,28,11506,30,4210,394,394,
552,145,79.9061,47,24,8.11261,2.68422,0,28,11533,31,4220,391,391,
551,145,79.2777,46,23,7.76867,2.72807,0,28,11558,31,4230,393,393,
545,143,78.5863,46,22,7.30293,2.74269,0,28,11588,31,4240,396,396,
541,142,77.885,47,21,7.22099,2.81423,0,28,11613,31,4250,394,394,
540,144,77.033,48,23,7.68907,2.93808,0,28,11645,31,4260,393,393,
540,144,76.4516,47,24,7.94647,2.84603,0,28,11673,30,4270,393,393,
536,145,75.8728,46,24,7.91401,2.68201,0,28,11701,30,4280,396,396,
533,144,75.266,45,23,7.6814,2.594,0,28,11725,29,4290,394,394,
530,144,74.3957,43,21,7.23236,2.83133,0,28,11752,29,4300,393,393,
526,143,73.6789,42,20,6.74348,2.97711,0,28,11784,29,4310,393,393,
524,142,72.9531,43,20,6.63818,2.9257,0,28,11813,28,4320,398,398,
520,143,72.2882,44,21,7.11704,2.87523,0,28,11842,28,4330,394,394,
519,145,71.5392,44,24,7.90342,2.82508,0,28,11870,27,4340,395,395,
515,145,71.0313,43,24,8.11077,2.77503,0,28,11898,27,4350,395,395,
512,146,70.4747,40,23,7.68993,2.72501,0,29,11925,27,4360,398,398,
510,144,69.8092,38,20,6.75146,2.70834,0,28,11952,26,4370,394,394,
507,141,68.7855,36,17,5.61036,2.70278,0,28,11979,26,4380,394,394,
504,140,67.9748,36,15,5.17116,2.70093,0,28,12006,25,4390,395,395,
501,139,67.1892,38,16,5.40043,2.73364,0,28,12033,25,4400,398,398,
497,142,66.4918,40,19,6.30962,2.81121,0,29,12061,25,4410,394,394,
495,144,65.752,42,23,7.63441,2.90374,0,29,12090,25,4420,393,393,
493,146,65.2626,40,23,7.89469,2.93458,0,29,12120,25,4430,396,396,
493,145,64.7461,40,23,7.64182,2.91153,0,29,12149,25,4440,396,396,
492,145,64.2008,39,22,7.37799,2.90384,0,28,12178,25,4450,393,393,
491,144,63.4644,41,22,7.31842,2.93461,0,28,12207,25,4460,393,393,
486,144,63.0235,45,24,8.06292,2.9782,0,29,12237,26,4470,395,395,
486,146,62.8185,48,28,9.32074,2.99273,0,28,12267,26,4480,395,395,
487,149,62.8193,50,31,10.4462,2.99758,0,28,12297,27,4490,390,390,
488,151,62.9852,50,33,11.1214,2.99919,0,28,12327,27,4500,393,393,
488,152,63.0916,48,33,10.9314,2.9664,0,28,12357,27,4510,391,391,
486,150,63.089,46,31,10.3009,2.92213,0,28,12386,27,4520,396,396,
482,148,62.9892,46,29,9.75442,2.90738,0,28,12415,27,4530,389,389,
482,148,62.8328,47,29,9.72213,2.93579,0,28,12444,27,4540,393,393,
482,148,62.837,51,31,10.4192,2.9786,0,28,12474,26,4550,392,392,
482,151,63.0109,53,34,11.3616,2.9262,0,28,12504,26,4560,394,394,
484,153,63.2779,52,35,11.8221,2.84207,0,28,12532,26,4570,387,387,
483,153,63.5199,46,33,11.1545,2.84736,0,28,12560,26,4580,392,392,
481,149,63.448,43,30,9.89224,2.88245,0,28,12589,27,4590,394,394,
480,147,63.2416,45,27,9.14475,2.92748,0,28,12618,27,4600,393,393,
477,147,63.0409,47,28,9.22006,3.00916,0,28,12648,27,4610,386,386,
477,148,62.8552,48,29,9.60961,3.03639,0,28,12679,28,4620,390,390,
476,148,62.7379,48,29,9.6793,3.04546,0,28,12709,29,4630,391,391,
475,148,62.6442,50,29,9.82436,3.11515,0,28,12740,29,4640,396,396,
475,148,62.5963,51,30,10.0946,3.13838,0,28,12772,30,4650,389,389,
474,149,62.5763,52,31,10.2759,3.07946,0,28,12803,31,4660,387,387,
473,149,62.5648,53,31,10.276,3.02649,0,28,12833,32,4670,391,391,
473,148,62.5875,56,31,10.4898,3.00883,0,28,12863,33,4680,395,395,
473,149,62.726,60,33,11.1642,3.00294,0,28,12893,34,4690,388,388,
474,152,63.1654,64,36,12.2794,3.00098,0,29,12923,34,4700,387,387,
475,155,63.6473,66,38,12.8575,2.96699,0,29,12953,35,4710,390,390,
476,157,64.1643,65,39,13.004,2.889,0,29,12982,36,4720,395,395,
476,155,64.6371,63,38,12.7795,2.863,0,29,13010,36,4730,388,388,
474,154,65.1366,62,36,12.2365,2.921,0,29,13039,36,4740,387,387,
472,151,65.4222,62,35,11.8987,3.007,0,29,13069,36,4750,390,390,
472,151,65.7077,63,35,11.9226,3.00233,0,28,13100,36,4760,394,394,
472,152,66.0466,64,36,12.2081,2.96744,0,28,13129,35,4770,389,389,
472,154,66.6398,66,38,12.8032,3.05581,0,28,13159,35,4780,385,385,
472,157,67.2073,68,39,13.2745,3.05194,0,28,13191,34,4790,389,389,
477,158,67.8688,71,40,13.6888,2.95065,0,28,13220,34,4800,394,394,
478,160,68.5888,69,41,13.9286,2.98355,0,28,13249,33,4810,386,386,
477,160,69.5254,62,41,13.796,2.99452,0,28,13280,33,4820,385,385,
477,158,70.1308,61,40,13.4219,2.99817,0,28,13309,32,4830,390,390,
477,157,70.6555,59,39,13.0715,3.03272,0,28,13340,31,4840,392,392,
477,156,71.0919,56,38,12.6643,2.94424,0,28,13370,31,4850,389,389,
476,154,71.4913,52,35,11.9152,2.94808,0,28,13398,30,4860,386,386,
473,152,71.6207,50,33,11.1903,3.01603,0,28,13429,29,4870,389,389,
471,150,71.5989,47,31,10.3896,3.00534,0,28,13459,28,4880,391,391,
469,149,71.3636,42,28,9.28242,3.03511,0,28,13489,27,4890,389,389,
464,146,70.6516,39,22,7.54392,3.04504,0,28,13520,26,4900,386,386,
463,144,69.9933,39,21,6.90545,2.98168,0,28,13550,25,4910,390,390,
463,144,69.3319,39,20,6.84545,2.89389,0,28,13579,24,4920,391,391,
457,144,68.6675,37,20,6.74541,2.89796,0,28,13607,24,4930,391,391,
454,143,67.7696,38,20,6.60706,2.99932,0,28,13637,23,4940,388,388,
448,144,67.1486,40,21,7.01642,3.09977,0,28,13668,24,4950,392,392,
448,145,66.6164,42,23,7.69044,3.13326,0,29,13700,24,4960,394,394,
445,146,66.2427,45,26,8.64578,3.14442,0,29,13731,24,4970,391,391,
445,149,66.1827,51,31,10.5238,3.18147,0,29,13763,25,4980,391,391,
446,154,66.354,51,34,11.3653,3.19382,0,29,13795,25,4990,394,394,
446,152,66.5911,53,35,11.7036,3.16461,0,29,13827,25,5000,393,393,
446,154,66.9024,54,36,12.0894,3.0882,0,29,13858,25,5010,391,391,
446,155,67.3153,50,36,11.991,2.99607,0,29,13888,25,5020,391,391,
445,153,67.4891,47,34,11.3309,2.96536,0,29,13917,25,5030,396,396,
445,151,67.4733,43,31,10.2921,3.02179,0,29,13947,25,5040,393,393,
442,148,67.2576,42,27,9.16309,3.0406,0,29,13978,25,5050,391,391,
438,147,66.6721,39,23,7.79649,2.9802,0,29,14008,25,5060,390,390,
437,144,66.0362,38,20,6.69637,2.8934,0,29,14037,26,5070,394,394,
433,142,65.3779,41,19,6.50688,2.93113,0,29,14065,26,5080,394,394,
430,144,64.8767,46,23,7.67977,3.04371,0,29,14096,26,5090,388,388,
426,148,64.7398,52,31,10.246,3.08124,0,29,14127,26,5100,389,389,
425,154,64.8277,47,32,10.8588,3.09375,0,29,14158,26,5110,396,396,
424,150,64.7577,43,30,9.90437,3.03125,0,29,14189,26,5120,391,391,
421,148,64.4543,40,26,8.59334,2.94375,0,29,14218,26,5130,387,387,
420,145,63.704,36,20,6.80164,2.91458,0,29,14247,25,5140,388,388,
415,143,62.9754,31,16,5.25958,2.83819,0,29,14276,24,5150,393,393,
408,140,62.149,25,10,3.55041,2.74606,0,29,14303,24,5160,389,389,
406,134,61.2862,23,7,2.53059,2.61535,0,29,14330,23,5170,387,387,
403,131,60.1412,25,6,2.28134,2.50512,0,29,14354,22,5180,389,389,
399,132,59.3019,28,7,2.48324,2.46837,0,29,14379,22,5190,393,393,
396,135,58.4858,29,8,2.86283,2.55612,0,29,14403,21,5200,386,386,
391,137,57.6956,30,9,3.27833,2.75204,0,29,14431,21,5210,387,387,
385,138,56.6923,33,12,3.95497,2.88401,0,29,14460,22,5220,390,390,
383,140,55.9974,35,14,4.72678,2.86134,0,29,14490,22,5230,390,390,
382,142,55.3639,37,16,5.54839,2.78711,0,29,14517,22,5240,389,389,
378,143,54.7851,37,18,6.16554,2.9957,0,29,14545,23,5250,387,387,
373,144,54.0948,40,20,6.84881,3.06523,0,29,14579,23,5260,390,390,
369,145,53.6835,42,23,7.63844,2.98841,0,29,14607,24,5270,390,390,
365,147,53.3433,40,24,7.92026,2.99614,0,29,14638,24,5280,387,387,
359,146,52.8845,36,21,6.94907,2.89871,0,29,14667,25,5290,387,387,
355,141,52.1376,38,18,5.90874,2.79957,0,29,14695,25,5300,388,388,
351,143,51.6145,41,19,6.3916,2.76652,0,29,14722,26,5310,392,392,
347,145,51.1299,40,20,6.76195,2.82217,0,29,14750,26,5320,388,388,
342,144,50.6528,40,20,6.77659,2.84072,0,29,14779,26,5330,388,388,
338,144,50.0146,39,20,6.66499,2.78024,0,29,14807,26,5340,391,391,
334,143,49.5296,40,19,6.555,2.66008,0,29,14834,26,5350,389,389,
330,144,49.0469,39,19,6.52218,2.62003,0,29,14859,26,5360,387,387,
325,143,48.5601,39,19,6.40341,2.70668,0,29,14886,26,5370,387,387,
322,143,47.9089,39,19,6.31058,2.76889,0,29,14914,26,5380,391,391,
317,143,47.6023,39,19,6.31158,2.78963,0,29,14942,25,5390,386,386,
313,143,47.6023,39,19,6.31158,2.78963,0,29,14970,25,5400,386,386,